
GEOID,NAME
40001010001,10001
40001010002,10002
40001010003,10003
40001010004,10004
40001010005,10005
40001010006,10006
40001010007,10007
40001010008,10008
40001010010,10010
40001010011,10011
40001010012,10012
40001010013,10013
40001010014,10014
40001010016,10016
40001010017,10017
40001010018,10018
40001010019,10019
40003000110,20110
40003000120,20120
40003000140,20140
40003000220,20220
40003000230,20230
40003000310,20310
40003000320,20320
40003000330,20330
40005000001,30001
40005000002,30002
40005000003,30003
40005000006,30006
40005000007,30007
40005000008,30008
40005000009,30009
40005000010,30010
40005000011,30011
40005000012,30012
40005000013,30013
40005000014,30014
40005000015,30015
40005000016,30016
40005000017,30017
40005000018,30018
40005000019,30019
40007000011,40011
40007000013,40013
40007000023,40023
40007000025,40025
40007000026,40026
40007000031,40031
40007000033,40033
40009000111,50111
40009000112,50112
40009000115,50115
40009000141,50141
40009000231,50231
40009000232,50232
40009000235,50235
40009000242,50242
40009000320,50320
40009000330,50330
40009000332,50332
40009000333,50333
40009000343,50343
40011000002,60002
40011000007,60007
40011000010,60010
40011000011,60011
40011000012,60012
40011000016,60016
40011000017,60017
40011000020,60020
40011000022,60022
40013000003,70003
40013000004,70004
40013000005,70005
40013000008,70008
40013000010,70010
40013000011,70011
40013000013,70013
40013000014,70014
40013000015,70015
40013000017,70017
40013000018,70018
40013000019,70019
40013000020,70020
40013000021,70021
40013000022,70022
40013000023,70023
40013000025,70025
40013000026,70026
40013000027,70027
40013000028,70028
40013000029,70029
40013000033,70033
40015000012,80012
40015000022,80022
40015000031,80031
40015000041,80041
40015000051,80051
40015000102,80102
40015000509,80509
40015000510,80510
40015000511,80511
40015000712,80712
40015000715,80715
40015000810,80810
40015000811,80811
40015000812,80812
40015001009,81009
40015001010,81010
40015001011,81011
40015001013,81013
40015001111,81111
40015001213,81213
40017000100,90100
40017000102,90102
40017000106,90106
40017000107,90107
40017000109,90109
40017000114,90114
40017000116,90116
40017000124,90124
40017000200,90200
40017000201,90201
40017000202,90202
40017000204,90204
40017000206,90206
40017000208,90208
40017000209,90209
40017000210,90210
40017000211,90211
40017000214,90214
40017000215,90215
40017000216,90216
40017000217,90217
40017000218,90218
40017000220,90220
40017000221,90221
40017000223,90223
40017000224,90224
40017000225,90225
40017000226,90226
40017000227,90227
40017000228,90228
40017000300,90300
40017000301,90301
40017000302,90302
40017000303,90303
40017000304,90304
40017000306,90306
40017000308,90308
40017000309,90309
40017000400,90400
40017000403,90403
40017000404,90404
40017000406,90406
40017000408,90408
40017000409,90409
40017000502,90502
40017000503,90503
40017000504,90504
40017000506,90506
40019000001,100001
40019000002,100002
40019000007,100007
40019000011,100011
40019000014,100014
40019000015,100015
40019000017,100017
40019000019,100019
40019000020,100020
40019000024,100024
40019000025,100025
40019000026,100026
40019000030,100030
40019000031,100031
40019000032,100032
40019000033,100033
40019000034,100034
40019000039,100039
40019000041,100041
40019000051,100051
40019000052,100052
40019000061,100061
40019000062,100062
40019000063,100063
40019000071,100071
40021000001,110001
40021000002,110002
40021000003,110003
40021000004,110004
40021000005,110005
40021000006,110006
40021000007,110007
40021000008,110008
40021000009,110009
40021000010,110010
40021000011,110011
40021000012,110012
40021000013,110013
40021000014,110014
40021000015,110015
40021000016,110016
40021000017,110017
40021000018,110018
40021000019,110019
40021000020,110020
40021000021,110021
40021000022,110022
40021000023,110023
40021000025,110025
40023000101,120101
40023000104,120104
40023000105,120105
40023000106,120106
40023000207,120207
40023000208,120208
40023000209,120209
40023000210,120210
40023000211,120211
40023000214,120214
40023000215,120215
40023000316,120316
40023000318,120318
40023000319,120319
40023000320,120320
40023000321,120321
40023000322,120322
40025000002,130002
40025000003,130003
40025000004,130004
40025000005,130005
40025000006,130006
40025000007,130007
40027000001,140001
40027000002,140002
40027000003,140003
40027000004,140004
40027000005,140005
40027000006,140006
40027000007,140007
40027000008,140008
40027000009,140009
40027000010,140010
40027000011,140011
40027000012,140012
40027000013,140013
40027000014,140014
40027000015,140015
40027000016,140016
40027000017,140017
40027000018,140018
40027000019,140019
40027000020,140020
40027000021,140021
40027000022,140022
40027000024,140024
40027000025,140025
40027000026,140026
40027000027,140027
40027000028,140028
40027000029,140029
40027000030,140030
40027000032,140032
40027000034,140034
40027000035,140035
40027000036,140036
40027000037,140037
40027000038,140038
40027000039,140039
40027000040,140040
40027000041,140041
40027000042,140042
40027000043,140043
40027000044,140044
40027000045,140045
40027000047,140047
40027000048,140048
40027000049,140049
40027000050,140050
40027000051,140051
40027000053,140053
40027000054,140054
40027000055,140055
40027000056,140056
40027000057,140057
40027000058,140058
40027000059,140059
40027000060,140060
40027000061,140061
40027000063,140063
40027000064,140064
40027000065,140065
40027000067,140067
40027000068,140068
40027000069,140069
40027000070,140070
40027000071,140071
40027000072,140072
40027000073,140073
40027000074,140074
40027000076,140076
40027000077,140077
40027000078,140078
40027000080,140080
40027000081,140081
40027000082,140082
40027000083,140083
40027000086,140086
40027000087,140087
40027000088,140088
40027000089,140089
40027000090,140090
40027000091,140091
40027000092,140092
40027000093,140093
40027000094,140094
40027000095,140095
40029000002,2
40029000003,3
40029000004,4
40029000005,5
40029000006,6
40029000007,7
40029000009,9
40029000010,10
40029000011,11
40031000001,160001
40031000002,160002
40031000003,160003
40031000007,160007
40031000008,160008
40031000009,160009
40031000011,160011
40031000013,160013
40031000014,160014
40031000015,160015
40031000017,160017
40031000019,160019
40031000020,160020
40031000021,160021
40031000025,160025
40031000026,160026
40031000027,160027
40031000029,160029
40031000030,160030
40031000031,160031
40031000032,160032
40031000033,160033
40031000034,160034
40031000035,160035
40031000036,160036
40031000037,160037
40031000038,160038
40031000039,160039
40031000040,160040
40031000041,160041
40031000042,160042
40031000043,160043
40031000045,160045
40031000046,160046
40031000048,160048
40031000049,160049
40031000050,160050
40031000051,160051
40031000053,160053
40033000001,170001
40033000003,170003
40033000004,170004
40033000005,170005
40033000007,170007
40033000008,170008
40033000009,170009
40033000010,170010
40033000011,170011
40035000140,180140
40035000320,180320
40035000410,180410
40035000520,180520
40035000611,180611
40035000612,180612
40035000621,180621
40035000622,180622
40035000710,180710
40035000810,180810
40035000820,180820
40035000910,180910
40037000111,190111
40037000112,190112
40037000121,190121
40037000122,190122
40037000131,190131
40037000132,190132
40037000142,190142
40037000143,190143
40037000211,190211
40037000221,190221
40037000231,190231
40037000241,190241
40037000311,190311
40037000401,190401
40037000402,190402
40037000403,190403
40037000404,190404
40037000405,190405
40037000406,190406
40037000407,190407
40037000408,190408
40037000409,190409
40037000410,190410
40037000411,190411
40037000412,190412
40037000413,190413
40037000414,190414
40037000415,190415
40037000416,190416
40037000417,190417
40037000418,190418
40037000419,190419
40037000420,190420
40037000421,190421
40037000422,190422
40039000001,200001
40039000003,200003
40039000005,200005
40039000007,200007
40039000012,200012
40039000013,200013
40039000018,200018
40039000019,200019
40039000020,200020
40039000021,200021
40039000022,200022
40039000023,200023
40039000026,200026
40041000001,210001
40041000002,210002
40041000003,210003
40041000004,210004
40041000005,210005
40041000006,210006
40041000007,210007
40041000008,210008
40041000009,210009
40041000010,210010
40041000011,210011
40041000012,210012
40041000014,210014
40041000015,210015
40041000016,210016
40041000017,210017
40041000018,210018
40041000019,210019
40041000020,210020
40041000021,210021
40041000022,210022
40041000023,210023
40043000001,220001
40043000002,220002
40043000003,220003
40043000004,220004
40043000005,220005
40043000007,220007
40043000008,220008
40043000009,220009
40043000010,220010
40045000001,230001
40045000003,230003
40045000004,230004
40045000006,230006
40045000007,230007
40045000008,230008
40045000009,230009
40047000101,240101
40047000102,240102
40047000103,240103
40047000104,240104
40047000105,240105
40047000106,240106
40047000107,240107
40047000108,240108
40047000109,240109
40047000110,240110
40047000201,240201
40047000202,240202
40047000203,240203
40047000204,240204
40047000206,240206
40047000207,240207
40047000208,240208
40047000210,240210
40047000211,240211
40047000212,240212
40047000301,240301
40047000302,240302
40047000304,240304
40047000305,240305
40047000306,240306
40047000307,240307
40047000308,240308
40047000309,240309
40047000310,240310
40047000311,240311
40049000001,250001
40049000002,250002
40049000003,250003
40049000005,250005
40049000006,250006
40049000007,250007
40049000008,250008
40049000009,250009
40049000013,250013
40049000015,250015
40049000016,250016
40049000017,250017
40049000018,250018
40049000020,250020
40049000021,250021
40049000024,250024
40049000025,250025
40051000001,260001
40051000002,260002
40051000003,260003
40051000005,260005
40051000006,260006
40051000008,260008
40051000009,260009
40051000011,260011
40051000016,260016
40051000017,260017
40051000020,260020
40051000021,260021
40051000023,260023
40051000025,260025
40051000026,260026
40051000027,260027
40051000028,260028
40051000029,260029
40051000031,260031
40051000032,260032
40051000033,260033
40051000035,260035
40051000036,260036
40051000037,260037
40051000038,260038
40051000039,260039
40051000040,260040
40051000041,260041
40053000011,270011
40053000017,270017
40053000023,270023
40053000025,270025
40053000026,270026
40053000029,270029
40053000030,270030
40055000101,280101
40055000102,280102
40055000103,280103
40055000105,280105
40055000106,280106
40055000202,280202
40055000203,280203
40055000302,280302
40057000101,290101
40057000102,290102
40057000201,290201
40057000203,290203
40057000204,290204
40057000301,290301
40057000302,290302
40059000201,300201
40059000203,300203
40059000301,300301
40059000302,300302
40059000303,300303
40059000402,300402
40061000007,310007
40061000009,310009
40061000011,310011
40061000015,310015
40061000016,310016
40061000019,310019
40061000023,310023
40061000027,310027
40061000030,310030
40061000031,310031
40061000032,310032
40063000010,320010
40063000011,320011
40063000012,320012
40063000016,320016
40063000018,320018
40063000019,320019
40063000020,320020
40063000021,320021
40063000022,320022
40063000023,320023
40063000030,320030
40063000031,320031
40063000032,320032
40063000033,320033
40063000034,320034
40063000035,320035
40065000001,330001
40065000002,330002
40065000003,330003
40065000006,330006
40065000007,330007
40065000010,330010
40065000014,330014
40065000016,330016
40065000017,330017
40065000018,330018
40065000019,330019
40065000020,330020
40065000021,330021
40065000023,330023
40065000024,330024
40067000001,1
40067000002,2
40067000003,3
40067000004,4
40067000005,5
40067000006,6
40067000007,7
40067000008,8
40067000009,9
40067000010,10
40069000001,350001
40069000002,350002
40069000003,350003
40069000004,350004
40069000005,350005
40069000006,350006
40069000007,350007
40069000008,350008
40069000009,350009
40069000010,350010
40069000011,350011
40069000012,350012
40069000013,350013
40069000014,350014
40071000001,360001
40071000101,360101
40071000103,360103
40071000202,360202
40071000205,360205
40071000206,360206
40071000400,360400
40071000401,360401
40071000403,360403
40071000404,360404
40071000406,360406
40071000407,360407
40071000409,360409
40071000411,360411
40071000412,360412
40071000413,360413
40071000419,360419
40071000420,360420
40071000503,360503
40071000507,360507
40071000516,360516
40071000517,360517
40071000527,360527
40071000530,360530
40071000532,360532
40071000533,360533
40071000534,360534
40071000535,360535
40073000101,370101
40073000102,370102
40073000103,370103
40073000105,370105
40073000106,370106
40073000201,370201
40073000203,370203
40073000204,370204
40073000301,370301
40073000302,370302
40073000303,370303
40073000304,370304
40073000305,370305
40073000306,370306
40075000001,380001
40075000002,380002
40075000004,380004
40075000005,380005
40075000006,380006
40075000007,380007
40075000008,380008
40075000009,380009
40075000010,380010
40075000011,380011
40075000014,380014
40075000015,380015
40075000016,380016
40075000022,380022
40077000001,390001
40077000002,390002
40077000003,390003
40077000004,390004
40077000005,390005
40077000006,390006
40077000007,390007
40077000008,390008
40077000009,390009
40077000010,390010
40077000011,390011
40077000012,390012
40079000101,400101
40079000102,400102
40079000103,400103
40079000104,400104
40079000105,400105
40079000106,400106
40079000107,400107
40079000108,400108
40079000109,400109
40079000110,400110
40079000111,400111
40079000112,400112
40079000113,400113
40079000114,400114
40079000201,400201
40079000202,400202
40079000203,400203
40079000204,400204
40079000205,400205
40079000207,400207
40079000208,400208
40079000210,400210
40079000211,400211
40079000212,400212
40079000213,400213
40079000214,400214
40079000215,400215
40079000301,400301
40079000302,400302
40079000303,400303
40079000304,400304
40079000305,400305
40079000306,400306
40079000309,400309
40079000310,400310
40079000311,400311
40079000312,400312
40081000001,410001
40081000002,410002
40081000003,410003
40081000004,410004
40081000005,410005
40081000006,410006
40081000007,410007
40081000008,410008
40081000009,410009
40081000010,410010
40081000011,410011
40081000012,410012
40081000013,410013
40081000015,410015
40081000016,410016
40081000017,410017
40081000018,410018
40081000019,410019
40081000020,410020
40081000021,410021
40081000022,410022
40083000101,420101
40083000102,420102
40083000103,420103
40083000104,420104
40083000105,420105
40083000106,420106
40083000201,420201
40083000203,420203
40083000204,420204
40083000205,420205
40083000206,420206
40083000207,420207
40083000301,420301
40083000302,420302
40083000303,420303
40083000304,420304
40083000305,420305
40083000306,420306
40083000307,420307
40083000308,420308
40083000309,420309
40083000310,420310
40085000101,101
40085000102,102
40085000103,103
40085000204,204
40085000205,205
40085000206,206
40085000207,207
40085000208,208
40085000310,310
40085000311,311
40085000312,312
40085000313,313
40087000001,440001
40087000002,440002
40087000003,440003
40087000004,440004
40087000005,440005
40087000006,440006
40087000007,440007
40087000008,440008
40087000009,440009
40087000010,440010
40087000011,440011
40087000012,440012
40087000013,440013
40087000014,440014
40087000015,440015
40087000016,440016
40087000017,440017
40087000018,440018
40087000019,440019
40087000020,440020
40087000021,440021
40087000023,440023
40087000024,440024
40087000026,440026
40087000027,440027
40087000028,440028
40089000002,450002
40089000004,450004
40089000005,450005
40089000006,450006
40089000008,450008
40089000009,450009
40089000011,450011
40089000012,450012
40089000013,450013
40089000014,450014
40089000015,450015
40089000017,450017
40089000018,450018
40089000019,450019
40089000020,450020
40089000022,450022
40089000023,450023
40089000024,450024
40089000025,450025
40089000026,450026
40089000027,450027
40089000028,450028
40089000029,450029
40089000031,450031
40089000033,450033
40089000034,450034
40089000035,450035
40089000036,450036
40089000037,450037
40089000038,450038
40091000102,460102
40091000103,460103
40091000104,460104
40091000201,460201
40091000203,460203
40091000205,460205
40091000307,460307
40091000310,460310
40091000311,460311
40091000312,460312
40091000313,460313
40091000314,460314
40091000315,460315
40091000316,460316
40093000002,2
40093000004,4
40093000009,9
40093000010,10
40093000015,15
40093000016,Voting District 16
40093000020,20
40093000022,22
40095000101,480101
40095000102,480102
40095000105,480105
40095000106,480106
40095000201,480201
40095000202,480202
40095000204,480204
40095000206,480206
40095000302,480302
40095000303,480303
40095000304,480304
40097000011,490011
40097000012,490012
40097000014,490014
40097000015,490015
40097000016,490016
40097000020,490020
40097000021,490021
40097000022,490022
40097000023,490023
40097000024,490024
40097000025,490025
40097000026,490026
40097000027,490027
40097000031,490031
40097000034,490034
40097000036,490036
40097000037,490037
40097000038,490038
40097000039,490039
40097000101,490101
40097000121,490121
40097000122,490122
40097000130,490130
40097000132,490132
40097000241,490241
40097000242,490242
40097000311,490311
40099000004,500004
40099000005,500005
40099000007,500007
40099000009,500009
40099000012,500012
40099000014,500014
40099000015,500015
40099000017,500017
40099000018,500018
40099000020,500020
40101000005,510005
40101000007,510007
40101000009,510009
40101000011,510011
40101000013,510013
40101000017,510017
40101000021,510021
40101000022,510022
40101000023,510023
40101000028,510028
40101000033,510033
40101000036,510036
40101000037,510037
40101000038,510038
40101000040,510040
40101000041,510041
40101000044,510044
40101000045,510045
40101000046,510046
40101000047,510047
40101000049,510049
40101000050,510050
40101000051,510051
40101000052,510052
40101000053,510053
40101000055,510055
40101000056,510056
40101000057,510057
40101000058,510058
40101000059,510059
40101000060,510060
40101000061,510061
40101000064,510064
40103000101,520101
40103000102,520102
40103000103,520103
40103000104,520104
40103000105,520105
40103000106,520106
40103000201,520201
40103000202,520202
40103000203,520203
40103000301,520301
40103000305,520305
40103000307,520307
40105000101,530101
40105000102,530102
40105000103,530103
40105000201,530201
40105000202,530202
40105000203,530203
40105000204,530204
40105000301,530301
40105000302,530302
40105000303,530303
40105000304,530304
40107000101,540101
40107000102,540102
40107000103,540103
40107000105,540105
40107000206,540206
40107000207,540207
40107000208,540208
40107000209,540209
40107000210,540210
40107000311,540311
40107000312,540312
40107000313,540313
40107000314,540314
40109000001,550001
40109000002,550002
40109000003,550003
40109000004,550004
40109000005,550005
40109000006,550006
40109000007,550007
40109000008,550008
40109000009,550009
40109000010,550010
40109000011,550011
40109000012,550012
40109000013,550013
40109000014,550014
40109000015,550015
40109000016,550016
40109000017,550017
40109000018,550018
40109000019,550019
40109000020,550020
40109000021,550021
40109000022,550022
40109000023,550023
40109000024,550024
40109000025,550025
40109000026,550026
40109000027,550027
40109000028,550028
40109000029,550029
40109000030,550030
40109000031,550031
40109000032,550032
40109000033,550033
40109000034,550034
40109000035,550035
40109000036,550036
40109000037,550037
40109000038,550038
40109000039,550039
40109000040,550040
40109000041,550041
40109000042,550042
40109000043,550043
40109000044,550044
40109000045,550045
40109000046,550046
40109000047,550047
40109000048,550048
40109000049,550049
40109000050,550050
40109000051,550051
40109000052,550052
40109000053,550053
40109000054,550054
40109000055,550055
40109000056,550056
40109000057,550057
40109000058,550058
40109000059,550059
40109000060,550060
40109000061,550061
40109000062,550062
40109000063,550063
40109000064,550064
40109000065,550065
40109000066,550066
40109000067,550067
40109000068,550068
40109000069,550069
40109000070,550070
40109000071,550071
40109000072,550072
40109000073,550073
40109000074,550074
40109000075,550075
40109000076,550076
40109000077,550077
40109000078,550078
40109000079,550079
40109000080,550080
40109000081,550081
40109000082,550082
40109000083,550083
40109000084,550084
40109000085,550085
40109000086,550086
40109000087,550087
40109000088,550088
40109000089,550089
40109000090,550090
40109000091,550091
40109000092,550092
40109000093,550093
40109000094,550094
40109000095,550095
40109000096,550096
40109000097,550097
40109000098,550098
40109000099,550099
40109000100,550100
40109000101,550101
40109000102,550102
40109000103,550103
40109000104,550104
40109000105,550105
40109000106,550106
40109000107,550107
40109000108,550108
40109000109,550109
40109000110,550110
40109000111,550111
40109000112,550112
40109000113,550113
40109000114,550114
40109000115,550115
40109000116,550116
40109000117,550117
40109000118,550118
40109000119,550119
40109000120,550120
40109000121,550121
40109000122,550122
40109000123,550123
40109000124,550124
40109000125,550125
40109000126,550126
40109000127,550127
40109000128,550128
40109000129,550129
40109000130,550130
40109000131,550131
40109000132,550132
40109000133,550133
40109000134,550134
40109000135,550135
40109000136,550136
40109000137,550137
40109000138,550138
40109000139,550139
40109000140,550140
40109000141,550141
40109000142,550142
40109000143,550143
40109000144,550144
40109000145,550145
40109000146,550146
40109000147,550147
40109000148,550148
40109000149,550149
40109000150,550150
40109000151,550151
40109000152,550152
40109000153,550153
40109000154,550154
40109000155,550155
40109000156,550156
40109000157,550157
40109000158,550158
40109000159,550159
40109000160,550160
40109000161,550161
40109000162,550162
40109000163,550163
40109000164,550164
40109000165,550165
40109000166,550166
40109000167,550167
40109000168,550168
40109000169,550169
40109000170,550170
40109000171,550171
40109000172,550172
40109000173,550173
40109000174,550174
40109000175,550175
40109000176,550176
40109000177,550177
40109000178,550178
40109000179,550179
40109000180,550180
40109000181,550181
40109000182,550182
40109000183,550183
40109000184,550184
40109000185,550185
40109000186,550186
40109000187,550187
40109000188,550188
40109000189,550189
40109000190,550190
40109000191,550191
40109000192,550192
40109000193,550193
40109000194,550194
40109000195,550195
40109000196,550196
40109000197,550197
40109000198,550198
40109000199,550199
40109000200,550200
40109000201,550201
40109000202,550202
40109000203,550203
40109000204,550204
40109000205,550205
40109000206,550206
40109000207,550207
40109000208,550208
40109000209,550209
40109000210,550210
40109000211,550211
40109000212,550212
40109000213,550213
40109000214,550214
40109000215,550215
40109000216,550216
40109000217,550217
40109000218,550218
40109000219,550219
40109000220,550220
40109000221,550221
40109000222,550222
40109000223,550223
40109000224,550224
40109000225,550225
40109000226,550226
40109000227,550227
40109000228,550228
40109000229,550229
40109000230,550230
40109000231,550231
40109000232,550232
40109000233,550233
40109000234,550234
40109000235,550235
40109000236,550236
40109000237,550237
40109000238,550238
40109000239,550239
40109000240,550240
40109000241,550241
40109000242,550242
40109000243,550243
40109000244,550244
40109000245,550245
40109000246,550246
40109000247,550247
40109000248,550248
40109000249,550249
40109000250,550250
40109000251,550251
40109000252,550252
40109000253,550253
40109000254,550254
40109000255,550255
40109000256,550256
40109000257,550257
40111000004,560004
40111000007,560007
40111000008,560008
40111000009,560009
40111000010,560010
40111000011,560011
40111000013,560013
40111000014,560014
40111000015,560015
40111000016,560016
40111000018,560018
40111000019,560019
40111000020,560020
40111000021,560021
40111000026,560026
40111000027,560027
40111000029,560029
40111000031,560031
40111000032,560032
40111000033,560033
40111000034,560034
40111000035,560035
40111000036,560036
40111000038,560038
40113000101,570101
40113000102,570102
40113000103,570103
40113000105,570105
40113000106,570106
40113000107,570107
40113000108,570108
40113000109,570109
40113000110,570110
40113000111,570111
40113000112,570112
40113000113,570113
40113000201,570201
40113000202,570202
40113000203,570203
40113000204,570204
40113000205,570205
40113000301,570301
40113000302,570302
40113000303,570303
40113000305,570305
40113000306,570306
40113000307,570307
40113000308,570308
40113000309,570309
40113000310,570310
40113000311,570311
40113000312,570312
40115000002,580002
40115000003,580003
40115000004,580004
40115000005,580005
40115000007,580007
40115000008,580008
40115000009,580009
40115000011,580011
40115000012,580012
40115000014,580014
40115000023,580023
40115000025,580025
40115000026,580026
40115000028,580028
40115000031,580031
40115000034,580034
40115ZZZZZZ,Voting Districts Not Defined
40117000104,590104
40117000111,590111
40117000112,590112
40117000118,590118
40117000202,590202
40117000215,590215
40117000217,590217
40117000307,590307
40117000309,590309
40117000314,590314
40119000001,600001
40119000002,600002
40119000003,600003
40119000004,600004
40119000005,600005
40119000006,600006
40119000007,600007
40119000008,600008
40119000009,600009
40119000010,600010
40119000011,600011
40119000012,600012
40119000013,600013
40119000014,600014
40119000015,600015
40119000016,600016
40119000101,600101
40119000102,600102
40119000103,600103
40119000104,600104
40119000201,600201
40119000301,600301
40119000401,600401
40119000402,600402
40119000403,600403
40119000404,600404
40119000405,600405
40119000406,600406
40119000407,600407
40119000408,600408
40119000409,600409
40121000001,610001
40121000003,610003
40121000004,610004
40121000005,610005
40121000006,610006
40121000007,610007
40121000008,610008
40121000011,610011
40121000014,610014
40121000015,610015
40121000019,610019
40121000020,610020
40121000021,610021
40121000023,610023
40121000026,610026
40121000027,610027
40121000028,610028
40121000029,610029
40121000030,610030
40121000031,610031
40121000032,610032
40121000033,610033
40121000034,610034
40121000035,610035
40121000036,610036
40121000037,610037
40121000038,610038
40121000039,610039
40121000040,610040
40121000041,610041
40121000042,610042
40121000043,610043
40121000044,610044
40121000045,610045
40121000046,610046
40121000047,610047
40121000048,610048
40121000049,610049
40121000051,610051
40121000052,610052
40121000053,610053
40123000013,620013
40123000016,620016
40123000022,620022
40123000025,620025
40123000031,620031
40123000051,620051
40123000052,620052
40123000053,620053
40123000054,620054
40123000055,620055
40123000056,620056
40123000058,620058
40123000059,620059
40123000060,620060
40123000061,620061
40123000062,620062
40123000063,620063
40123000064,620064
40123000065,620065
40123000066,620066
40123000067,620067
40125000001,630001
40125000002,630002
40125000003,630003
40125000006,630006
40125000007,630007
40125000009,630009
40125000011,630011
40125000012,630012
40125000013,630013
40125000015,630015
40125000018,630018
40125000021,630021
40125000022,630022
40125000024,630024
40125000025,630025
40125000026,630026
40125000027,630027
40125000029,630029
40125000030,630030
40125000031,630031
40125000033,630033
40125000037,630037
40125000038,630038
40125000040,630040
40125000041,630041
40125000042,630042
40127000001,1
40127000002,2
40127000003,3
40127000004,4
40127000007,7
40127000008,8
40127000009,9
40127000010,10
40127000011,11
40127000012,12
40127000014,14
40127000015,15
40127000017,17
40129000101,650101
40129000102,650102
40129000103,650103
40129000201,650201
40129000202,650202
40129000203,650203
40129000301,650301
40129000302,650302
40129000303,650303
40131000001,660001
40131000002,660002
40131000003,660003
40131000004,660004
40131000005,660005
40131000006,660006
40131000007,660007
40131000008,660008
40131000009,660009
40131000010,660010
40131000011,660011
40131000012,660012
40131000013,660013
40131000014,660014
40131000015,660015
40131000017,660017
40131000018,660018
40131000019,660019
40131000020,660020
40131000021,660021
40131000022,660022
40131000023,660023
40131000024,660024
40131000025,660025
40131000026,660026
40131000027,660027
40131000029,660029
40131000030,660030
40131000031,660031
40131000032,660032
40131000033,660033
40131000110,660110
40131000116,660116
40131000120,660120
40131000128,660128
40131000130,660130
40133000010,670010
40133000012,670012
40133000014,670014
40133000015,670015
40133000020,670020
40133000022,670022
40133000023,670023
40133000024,670024
40133000025,670025
40133000030,670030
40133000032,670032
40133000033,670033
40133000034,670034
40133000035,670035
40135000101,680101
40135000102,680102
40135000103,680103
40135000104,680104
40135000105,680105
40135000106,680106
40135000201,680201
40135000202,680202
40135000203,680203
40135000204,680204
40135000205,680205
40135000206,680206
40135000207,680207
40135000208,680208
40135000209,680209
40135000210,680210
40135000301,680301
40135000302,680302
40135000303,680303
40135000304,680304
40135000305,680305
40135000306,680306
40135000307,680307
40135000308,680308
40135000309,680309
40135000310,680310
40137000001,690001
40137000003,690003
40137000004,690004
40137000008,690008
40137000012,690012
40137000013,690013
40137000014,690014
40137000015,690015
40137000016,690016
40137000019,690019
40137000032,690032
40137000033,690033
40137000041,690041
40137000049,690049
40137000050,690050
40137000051,690051
40137000052,690052
40137000053,690053
40137000054,690054
40137000055,690055
40137000056,690056
40137000057,690057
40137000058,690058
40137000059,690059
40137000060,690060
40137000061,690061
40137000062,690062
40137000063,690063
40139000101,700101
40139000102,700102
40139000104,700104
40139000107,700107
40139000201,700201
40139000202,700202
40139000205,700205
40139000302,700302
40139000303,700303
40139000304,700304
40139000305,700305
40141000001,710001
40141000002,710002
40141000003,710003
40141000004,710004
40141000006,710006
40141000007,710007
40141000009,710009
40141000010,710010
40141000012,710012
40143000001,720001
40143000002,720002
40143000003,720003
40143000004,720004
40143000005,720005
40143000006,720006
40143000007,720007
40143000008,720008
40143000009,720009
40143000010,720010
40143000011,720011
40143000012,720012
40143000013,720013
40143000014,720014
40143000015,720015
40143000016,720016
40143000017,720017
40143000018,720018
40143000019,720019
40143000020,720020
40143000021,720021
40143000022,720022
40143000023,720023
40143000024,720024
40143000025,720025
40143000026,720026
40143000027,720027
40143000028,720028
40143000029,720029
40143000030,720030
40143000031,720031
40143000032,720032
40143000033,720033
40143000034,720034
40143000035,720035
40143000036,720036
40143000037,720037
40143000038,720038
40143000039,720039
40143000040,720040
40143000041,720041
40143000042,720042
40143000043,720043
40143000044,720044
40143000045,720045
40143000046,720046
40143000047,720047
40143000048,720048
40143000049,720049
40143000050,720050
40143000051,720051
40143000052,720052
40143000053,720053
40143000054,720054
40143000055,720055
40143000056,720056
40143000057,720057
40143000058,720058
40143000059,720059
40143000060,720060
40143000061,720061
40143000062,720062
40143000063,720063
40143000064,720064
40143000065,720065
40143000066,720066
40143000067,720067
40143000068,720068
40143000069,720069
40143000070,720070
40143000071,720071
40143000072,720072
40143000073,720073
40143000074,720074
40143000075,720075
40143000076,720076
40143000077,720077
40143000078,720078
40143000079,720079
40143000080,720080
40143000081,720081
40143000082,720082
40143000083,720083
40143000084,720084
40143000085,720085
40143000086,720086
40143000087,720087
40143000088,720088
40143000089,720089
40143000090,720090
40143000091,720091
40143000092,720092
40143000093,720093
40143000094,720094
40143000095,720095
40143000096,720096
40143000097,720097
40143000098,720098
40143000099,720099
40143000100,720100
40143000101,720101
40143000102,720102
40143000103,720103
40143000104,720104
40143000105,720105
40143000106,720106
40143000107,720107
40143000108,720108
40143000109,720109
40143000110,720110
40143000111,720111
40143000112,720112
40143000113,720113
40143000114,720114
40143000115,720115
40143000116,720116
40143000117,720117
40143000118,720118
40143000119,720119
40143000120,720120
40143000121,720121
40143000122,720122
40143000123,720123
40143000124,720124
40143000125,720125
40143000126,720126
40143000127,720127
40143000128,720128
40143000129,720129
40143000130,720130
40143000131,720131
40143000132,720132
40143000133,720133
40143000134,720134
40143000135,720135
40143000136,720136
40143000137,720137
40143000138,720138
40143000139,720139
40143000140,720140
40143000141,720141
40143000142,720142
40143000143,720143
40143000144,720144
40143000145,720145
40143000146,720146
40143000147,720147
40143000148,720148
40143000149,720149
40143000150,720150
40143000151,720151
40143000152,720152
40143000153,720153
40143000154,720154
40143000155,720155
40143000156,720156
40143000157,720157
40143000158,720158
40143000159,720159
40143000160,720160
40143000161,720161
40143000162,720162
40143000163,720163
40143000164,720164
40143000165,720165
40143000166,720166
40143000167,720167
40143000168,720168
40143000169,720169
40143000170,720170
40143000171,720171
40143000172,720172
40143000173,720173
40143000174,720174
40143000175,720175
40143000176,720176
40143000351,720351
40143000352,720352
40143000353,720353
40143000354,720354
40143000355,720355
40143000356,720356
40143000400,720400
40143000401,720401
40143000402,720402
40143000403,720403
40143000404,720404
40143000405,720405
40143000406,720406
40143000407,720407
40143000408,720408
40143000409,720409
40143000410,720410
40143000411,720411
40143000451,720451
40143000452,720452
40143000453,720453
40143000454,720454
40143000455,720455
40143000456,720456
40143000457,720457
40143000458,720458
40143000459,720459
40143000460,720460
40143000461,720461
40143000462,720462
40143000463,720463
40143000464,720464
40143000465,720465
40143000466,720466
40143000467,720467
40143000468,720468
40143000469,720469
40143000470,720470
40143000471,720471
40143000472,720472
40143000473,720473
40143000474,720474
40143000475,720475
40143000476,720476
40143000501,720501
40143000502,720502
40143000503,720503
40143000504,720504
40143000551,720551
40143000552,720552
40143000553,720553
40143000700,720700
40143000701,720701
40143000702,720702
40143000703,720703
40143000704,720704
40143000705,720705
40143000706,720706
40143000707,720707
40143000708,720708
40143000709,720709
40143000710,720710
40143000750,720750
40143000751,720751
40143000752,720752
40143000753,720753
40143000754,720754
40143000755,720755
40143000756,720756
40143000757,720757
40143000758,720758
40143000759,720759
40143000760,720760
40143000801,720801
40143000802,720802
40143000851,720851
40143000852,720852
40143000853,720853
40143000854,720854
40143000855,720855
40143000856,720856
40143000857,720857
40143000858,720858
40143000880,720880
40143000881,720881
40143000900,720900
40145000101,730101
40145000102,730102
40145000103,730103
40145000104,730104
40145000105,730105
40145000106,730106
40145000107,730107
40145000108,730108
40145000109,730109
40145000201,730201
40145000202,730202
40145000203,730203
40145000204,730204
40145000205,730205
40145000206,730206
40145000207,730207
40145000208,730208
40145000209,730209
40145000210,730210
40145000301,730301
40145000302,730302
40145000303,730303
40145000304,730304
40145000305,730305
40145000306,730306
40145000307,730307
40145000308,730308
40145000309,730309
40145000310,730310
40145000311,730311
40145000312,730312
40145000313,730313
40147000011,740011
40147000012,740012
40147000013,740013
40147000015,740015
40147000022,740022
40147000027,740027
40147000028,740028
40147000031,740031
40147000033,740033
40147000046,740046
40147000048,740048
40147000051,740051
40147000054,740054
40147000062,740062
40147000071,740071
40147000073,740073
40147000074,740074
40147000075,740075
40147000076,740076
40147000077,740077
40147000078,740078
40147000079,740079
40147000711,740711
40149000003,750003
40149000004,750004
40149000007,750007
40149000009,750009
40149000012,750012
40149000014,750014
40149000016,750016
40149000017,750017
40149000018,750018
40149000019,750019
40149000020,750020
40149000030,750030
40151000001,760001
40151000002,760002
40151000003,760003
40151000004,760004
40151000005,760005
40151000008,760008
40153000101,770101
40153000102,770102
40153000104,770104
40153000105,770105
40153000106,770106
40153000201,770201
40153000202,770202
40153000203,770203
40153000204,770204
40153000301,770301
40153000302,770302
40153000303,770303
40153000304,770304
40153000306,770306
40153000307,770307
