
GEOID,NAME
32001000001,CHURCHILL PRECINCT 01
32001000002,CHURCHILL PRECINCT 02
32001000003,CHURCHILL PRECINCT 03
32001000004,CHURCHILL PRECINCT 04
32001000005,CHURCHILL PRECINCT 05
32001000006,CHURCHILL PRECINCT 06
32001000007,CHURCHILL PRECINCT 07
32001000008,CHURCHILL PRECINCT 08
32001000009,CHURCHILL PRECINCT 09
32001000010,CHURCHILL PRECINCT 10
32001000011,CHURCHILL PRECINCT 11
32001000012,CHURCHILL PRECINCT 12
32001000013,CHURCHILL PRECINCT 13
32001000014,CHURCHILL PRECINCT 14
32001000015,CHURCHILL PRECINCT 15
32001000016,CHURCHILL PRECINCT 16
32001000017,CHURCHILL PRECINCT 17
32001000018,CHURCHILL PRECINCT 18
32001000019,CHURCHILL PRECINCT 19
32001007-01,CHURCHILL PRECINCT 07-01
32001008-01,CHURCHILL PRECINCT 08-01
32001008-02,CHURCHILL PRECINCT 08-02
32001008-03,CHURCHILL PRECINCT 08-03
32001012-01,CHURCHILL PRECINCT 12-01
32001012-02,CHURCHILL PRECINCT 12-02
32001012-03,CHURCHILL PRECINCT 12-03
32001015-01,CHURCHILL PRECINCT 15-01
32001015-02,CHURCHILL PRECINCT 15-02
32001015-03,CHURCHILL PRECINCT 15-03
32001015-04,CHURCHILL PRECINCT 15-04
32001015-05,CHURCHILL PRECINCT 15-05
32001015-06,CHURCHILL PRECINCT 15-06
32001015-07,CHURCHILL PRECINCT 15-07
32001015-08,CHURCHILL PRECINCT 15-08
32001015-09,CHURCHILL PRECINCT 15-09
32001015-10,CHURCHILL PRECINCT 15-10
32003001038,1038
32003001039,1039
32003001063,1063
32003001067,1067
32003001072,1072
32003001074,1074
32003001137,1137
32003001302,1302
32003001303,1303
32003001304,1304
32003001307,1307
32003001309,1309
32003001318,1318
32003001327,1327
32003001328,1328
32003001330,1330
32003001331,1331
32003001332,1332
32003001333,1333
32003001334,1334
32003001335,1335
32003001336,1336
32003001337,1337
32003001340,1340
32003001341,1341
32003001342,1342
32003001343,1343
32003001344,1344
32003001345,1345
32003001346,1346
32003001348,1348
32003001349,1349
32003001351,1351
32003001352,1352
32003001353,1353
32003001354,1354
32003001356,1356
32003001361,1361
32003001363,1363
32003001365,1365
32003001367,1367
32003001368,1368
32003001371,1371
32003001374,1374
32003001375,1375
32003001376,1376
32003001377,1377
32003001378,1378
32003001379,1379
32003001380,1380
32003001381,1381
32003001382,1382
32003001384,1384
32003001385,1385
32003001386,1386
32003001387,1387
32003001389,1389
32003001390,1390
32003001391,1391
32003001394,1394
32003001395,1395
32003001396,1396
32003001410,1410
32003001411,1411
32003001509,1509
32003001510,1510
32003001511,1511
32003001513,1513
32003001514,1514
32003001517,1517
32003001518,1518
32003001519,1519
32003001520,1520
32003001521,1521
32003001525,1525
32003001528,1528
32003001533,1533
32003001543,1543
32003001550,1550
32003001552,1552
32003001553,1553
32003001601,1601
32003001602,1602
32003001603,1603
32003001604,1604
32003001605,1605
32003001606,1606
32003001607,1607
32003001608,1608
32003001609,1609
32003001611,1611
32003001612,1612
32003001613,1613
32003001614,1614
32003001615,1615
32003001616,1616
32003001617,1617
32003001618,1618
32003001619,1619
32003001621,1621
32003001623,1623
32003001624,1624
32003001625,1625
32003001631,1631
32003001632,1632
32003001633,1633
32003001634,1634
32003001635,1635
32003001641,1641
32003001642,1642
32003001643,1643
32003001644,1644
32003001645,1645
32003001651,1651
32003001652,1652
32003001653,1653
32003001655,1655
32003001661,1661
32003001662,1662
32003001664,1664
32003001665,1665
32003001668,1668
32003001669,1669
32003001670,1670
32003001671,1671
32003001672,1672
32003001673,1673
32003001674,1674
32003001675,1675
32003001676,1676
32003001677,1677
32003001678,1678
32003001679,1679
32003001680,1680
32003001681,1681
32003001682,1682
32003001683,1683
32003001684,1684
32003001685,1685
32003001686,1686
32003001687,1687
32003001688,1688
32003001689,1689
32003001691,1691
32003001692,1692
32003001693,1693
32003001694,1694
32003001695,1695
32003001702,1702
32003001703,1703
32003001704,1704
32003001711,1711
32003001712,1712
32003001713,1713
32003001715,1715
32003001717,1717
32003001718,1718
32003001719,1719
32003001720,1720
32003001721,1721
32003001722,1722
32003001727,1727
32003001732,1732
32003001750,1750
32003001751,1751
32003001753,1753
32003001903,1903
32003001905,1905
32003001906,1906
32003001907,1907
32003001908,1908
32003001909,1909
32003001912,1912
32003001915,1915
32003001917,1917
32003001918,1918
32003001919,1919
32003001920,1920
32003001921,1921
32003001922,1922
32003001923,1923
32003001924,1924
32003001925,1925
32003001926,1926
32003001928,1928
32003001929,1929
32003001930,1930
32003001935,1935
32003001940,1940
32003001943,1943
32003001946,1946
32003001959,1959
32003001960,1960
32003001964,1964
32003002008,2008
32003002037,2037
32003002044,2044
32003002078,2078
32003002126,2126
32003002352,2352
32003002353,2353
32003002354,2354
32003002356,2356
32003002360,2360
32003002366,2366
32003002371,2371
32003002372,2372
32003002373,2373
32003002380,2380
32003002381,2381
32003002382,2382
32003002383,2383
32003002384,2384
32003002385,2385
32003002386,2386
32003002387,2387
32003002390,2390
32003002391,2391
32003002392,2392
32003002393,2393
32003002394,2394
32003002399,2399
32003002400,2400
32003002401,2401
32003002405,2405
32003002406,2406
32003002407,2407
32003002408,2408
32003002409,2409
32003002417,2417
32003002430,2430
32003002436,2436
32003002440,2440
32003002444,2444
32003002445,2445
32003002446,2446
32003002447,2447
32003002449,2449
32003002456,2456
32003002457,2457
32003002458,2458
32003002463,2463
32003002464,2464
32003002465,2465
32003002466,2466
32003002468,2468
32003002469,2469
32003002473,2473
32003002476,2476
32003002477,2477
32003002478,2478
32003002479,2479
32003002480,2480
32003002481,2481
32003002483,2483
32003002484,2484
32003002486,2486
32003002487,2487
32003002488,2488
32003002489,2489
32003002500,2500
32003002501,2501
32003002503,2503
32003002600,2600
32003002601,2601
32003002602,2602
32003002603,2603
32003002604,2604
32003002605,2605
32003002606,2606
32003002607,2607
32003002608,2608
32003002609,2609
32003002611,2611
32003002612,2612
32003002613,2613
32003002614,2614
32003002615,2615
32003002616,2616
32003002617,2617
32003002621,2621
32003002622,2622
32003002623,2623
32003002624,2624
32003002625,2625
32003002631,2631
32003002632,2632
32003002633,2633
32003002634,2634
32003002635,2635
32003002640,2640
32003002641,2641
32003002642,2642
32003002643,2643
32003002644,2644
32003002645,2645
32003002646,2646
32003002650,2650
32003002651,2651
32003002652,2652
32003002653,2653
32003002654,2654
32003002655,2655
32003002660,2660
32003002661,2661
32003002662,2662
32003002663,2663
32003002664,2664
32003002665,2665
32003002666,2666
32003002671,2671
32003002672,2672
32003002673,2673
32003002674,2674
32003002675,2675
32003002676,2676
32003002681,2681
32003002682,2682
32003002683,2683
32003002684,2684
32003002685,2685
32003002691,2691
32003002692,2692
32003002693,2693
32003002694,2694
32003002695,2695
32003002696,2696
32003002700,2700
32003002701,2701
32003002702,2702
32003002703,2703
32003002704,2704
32003002705,2705
32003002706,2706
32003002709,2709
32003002710,2710
32003002711,2711
32003002713,2713
32003002714,2714
32003002715,2715
32003002716,2716
32003002717,2717
32003002720,2720
32003002721,2721
32003002722,2722
32003002723,2723
32003002724,2724
32003002725,2725
32003002726,2726
32003002727,2727
32003002729,2729
32003002730,2730
32003002731,2731
32003002732,2732
32003002733,2733
32003002734,2734
32003002735,2735
32003002736,2736
32003002737,2737
32003002738,2738
32003002740,2740
32003002742,2742
32003002743,2743
32003002745,2745
32003002746,2746
32003002751,2751
32003002752,2752
32003002770,2770
32003002775,2775
32003002776,2776
32003002904,2904
32003002906,2906
32003002907,2907
32003002911,2911
32003002914,2914
32003002916,2916
32003002917,2917
32003002919,2919
32003002920,2920
32003002927,2927
32003002930,2930
32003002931,2931
32003002934,2934
32003002938,2938
32003002946,2946
32003002948,2948
32003002949,2949
32003002951,2951
32003002957,2957
32003002959,2959
32003002961,2961
32003002962,2962
32003002969,2969
32003002970,2970
32003002971,2971
32003002972,2972
32003002973,2973
32003002974,2974
32003002975,2975
32003002976,2976
32003002977,2977
32003002978,2978
32003002979,2979
32003003036,3036
32003003037,3037
32003003040,3040
32003003151,3151
32003003152,3152
32003003191,3191
32003003217,3217
32003003361,3361
32003003363,3363
32003003364,3364
32003003365,3365
32003003366,3366
32003003370,3370
32003003371,3371
32003003372,3372
32003003373,3373
32003003374,3374
32003003375,3375
32003003380,3380
32003003381,3381
32003003382,3382
32003003383,3383
32003003385,3385
32003003386,3386
32003003391,3391
32003003392,3392
32003003393,3393
32003003395,3395
32003003413,3413
32003003414,3414
32003003416,3416
32003003417,3417
32003003418,3418
32003003430,3430
32003003431,3431
32003003433,3433
32003003435,3435
32003003439,3439
32003003457,3457
32003003464,3464
32003003465,3465
32003003518,3518
32003003532,3532
32003003535,3535
32003003537,3537
32003003540,3540
32003003544,3544
32003003545,3545
32003003546,3546
32003003547,3547
32003003552,3552
32003003553,3553
32003003557,3557
32003003559,3559
32003003562,3562
32003003564,3564
32003003565,3565
32003003566,3566
32003003571,3571
32003003574,3574
32003003576,3576
32003003578,3578
32003003579,3579
32003003580,3580
32003003581,3581
32003003582,3582
32003003583,3583
32003003584,3584
32003003585,3585
32003003586,3586
32003003587,3587
32003003588,3588
32003003602,3602
32003003604,3604
32003003605,3605
32003003606,3606
32003003607,3607
32003003608,3608
32003003609,3609
32003003610,3610
32003003611,3611
32003003612,3612
32003003613,3613
32003003700,3700
32003003701,3701
32003003702,3702
32003003703,3703
32003003704,3704
32003003705,3705
32003003706,3706
32003003707,3707
32003003708,3708
32003003709,3709
32003003710,3710
32003003711,3711
32003003712,3712
32003003713,3713
32003003714,3714
32003003715,3715
32003003716,3716
32003003717,3717
32003003718,3718
32003003719,3719
32003003720,3720
32003003721,3721
32003003722,3722
32003003723,3723
32003003724,3724
32003003725,3725
32003003726,3726
32003003727,3727
32003003728,3728
32003003729,3729
32003003730,3730
32003003731,3731
32003003732,3732
32003003733,3733
32003003734,3734
32003003735,3735
32003003736,3736
32003003737,3737
32003003738,3738
32003003739,3739
32003003740,3740
32003003741,3741
32003003742,3742
32003003743,3743
32003003744,3744
32003003745,3745
32003003746,3746
32003003747,3747
32003003748,3748
32003003749,3749
32003003750,3750
32003003751,3751
32003003752,3752
32003003753,3753
32003003754,3754
32003003755,3755
32003003756,3756
32003003757,3757
32003003758,3758
32003003759,3759
32003003760,3760
32003003761,3761
32003003762,3762
32003003763,3763
32003003764,3764
32003003765,3765
32003003766,3766
32003003767,3767
32003003768,3768
32003003769,3769
32003003770,3770
32003003771,3771
32003003772,3772
32003003773,3773
32003003774,3774
32003003775,3775
32003003776,3776
32003003777,3777
32003003778,3778
32003003779,3779
32003003780,3780
32003003782,3782
32003003783,3783
32003003784,3784
32003003785,3785
32003003786,3786
32003003787,3787
32003003788,3788
32003003789,3789
32003003790,3790
32003003791,3791
32003003792,3792
32003003794,3794
32003003795,3795
32003003796,3796
32003003800,3800
32003003801,3801
32003003802,3802
32003003803,3803
32003003804,3804
32003003805,3805
32003003806,3806
32003003807,3807
32003003808,3808
32003003809,3809
32003003811,3811
32003003812,3812
32003003813,3813
32003003814,3814
32003003815,3815
32003003821,3821
32003003822,3822
32003003823,3823
32003003824,3824
32003003825,3825
32003003826,3826
32003003831,3831
32003003832,3832
32003003833,3833
32003003834,3834
32003003841,3841
32003003842,3842
32003003843,3843
32003003844,3844
32003003845,3845
32003003851,3851
32003003852,3852
32003003853,3853
32003003854,3854
32003003855,3855
32003003863,3863
32003003864,3864
32003003866,3866
32003003875,3875
32003003881,3881
32003003902,3902
32003003904,3904
32003003905,3905
32003003906,3906
32003003907,3907
32003003908,3908
32003003909,3909
32003003910,3910
32003003912,3912
32003003914,3914
32003003915,3915
32003003917,3917
32003003938,3938
32003003964,3964
32003003979,3979
32003003981,3981
32003003982,3982
32003003984,3984
32003003985,3985
32003003988,3988
32003003989,3989
32003003990,3990
32003003991,3991
32003003992,3992
32003003993,3993
32003003994,3994
32003003995,3995
32003004017,4017
32003004028,4028
32003004066,4066
32003004069,4069
32003004073,4073
32003004075,4075
32003004076,4076
32003004304,4304
32003004305,4305
32003004306,4306
32003004307,4307
32003004309,4309
32003004310,4310
32003004381,4381
32003004384,4384
32003004387,4387
32003004415,4415
32003004434,4434
32003004454,4454
32003004461,4461
32003004463,4463
32003004467,4467
32003004500,4500
32003004501,4501
32003004502,4502
32003004504,4504
32003004505,4505
32003004506,4506
32003004507,4507
32003004508,4508
32003004510,4510
32003004511,4511
32003004512,4512
32003004513,4513
32003004514,4514
32003004522,4522
32003004523,4523
32003004525,4525
32003004526,4526
32003004527,4527
32003004528,4528
32003004529,4529
32003004530,4530
32003004531,4531
32003004532,4532
32003004535,4535
32003004536,4536
32003004540,4540
32003004541,4541
32003004543,4543
32003004546,4546
32003004547,4547
32003004548,4548
32003004549,4549
32003004550,4550
32003004551,4551
32003004552,4552
32003004553,4553
32003004554,4554
32003004555,4555
32003004556,4556
32003004557,4557
32003004559,4559
32003004560,4560
32003004561,4561
32003004562,4562
32003004563,4563
32003004564,4564
32003004565,4565
32003004566,4566
32003004567,4567
32003004568,4568
32003004569,4569
32003004571,4571
32003004572,4572
32003004573,4573
32003004574,4574
32003004577,4577
32003004581,4581
32003004582,4582
32003004583,4583
32003004584,4584
32003004585,4585
32003004586,4586
32003004590,4590
32003004591,4591
32003004592,4592
32003004593,4593
32003004594,4594
32003004596,4596
32003004597,4597
32003004598,4598
32003004599,4599
32003004601,4601
32003004602,4602
32003004603,4603
32003004604,4604
32003004605,4605
32003004606,4606
32003004611,4611
32003004612,4612
32003004613,4613
32003004614,4614
32003004615,4615
32003004616,4616
32003004621,4621
32003004623,4623
32003004633,4633
32003004634,4634
32003004635,4635
32003004636,4636
32003004637,4637
32003004638,4638
32003004641,4641
32003004642,4642
32003004643,4643
32003004645,4645
32003004650,4650
32003004651,4651
32003004652,4652
32003004902,4902
32003004903,4903
32003005003,5003
32003005014,5014
32003005029,5029
32003005034,5034
32003005036,5036
32003005047,5047
32003005056,5056
32003005323,5323
32003005324,5324
32003005326,5326
32003005330,5330
32003005332,5332
32003005333,5333
32003005350,5350
32003005356,5356
32003005372,5372
32003005384,5384
32003005390,5390
32003005393,5393
32003005394,5394
32003005395,5395
32003005396,5396
32003005397,5397
32003005400,5400
32003005403,5403
32003005404,5404
32003005405,5405
32003005410,5410
32003005412,5412
32003005413,5413
32003005417,5417
32003005425,5425
32003005430,5430
32003005500,5500
32003005501,5501
32003005502,5502
32003005503,5503
32003005504,5504
32003005505,5505
32003005506,5506
32003005511,5511
32003005512,5512
32003005513,5513
32003005515,5515
32003005521,5521
32003005522,5522
32003005523,5523
32003005524,5524
32003005525,5525
32003005531,5531
32003005532,5532
32003005533,5533
32003005534,5534
32003005535,5535
32003005536,5536
32003005537,5537
32003005541,5541
32003005542,5542
32003005543,5543
32003005544,5544
32003005545,5545
32003005552,5552
32003005553,5553
32003005554,5554
32003005555,5555
32003005560,5560
32003005561,5561
32003005562,5562
32003005563,5563
32003005564,5564
32003005565,5565
32003005566,5566
32003005567,5567
32003005568,5568
32003005569,5569
32003005570,5570
32003005571,5571
32003005572,5572
32003005573,5573
32003005574,5574
32003005575,5575
32003005576,5576
32003005577,5577
32003005578,5578
32003005579,5579
32003005580,5580
32003005581,5581
32003005582,5582
32003005583,5583
32003005584,5584
32003005585,5585
32003005586,5586
32003005587,5587
32003005588,5588
32003005589,5589
32003005590,5590
32003005591,5591
32003005592,5592
32003005593,5593
32003005594,5594
32003005595,5595
32003005596,5596
32003005597,5597
32003005598,5598
32003005599,5599
32003005601,5601
32003005603,5603
32003005604,5604
32003005612,5612
32003005613,5613
32003005614,5614
32003005615,5615
32003005616,5616
32003005617,5617
32003005620,5620
32003005621,5621
32003005622,5622
32003005623,5623
32003005624,5624
32003005625,5625
32003005631,5631
32003005632,5632
32003005633,5633
32003005634,5634
32003005635,5635
32003005636,5636
32003005641,5641
32003005642,5642
32003005643,5643
32003005644,5644
32003005649,5649
32003005650,5650
32003005651,5651
32003005652,5652
32003005653,5653
32003005654,5654
32003005655,5655
32003005903,5903
32003005904,5904
32003005905,5905
32003005906,5906
32003006040,6040
32003006057,6057
32003006062,6062
32003006066,6066
32003006109,6109
32003006362,6362
32003006424,6424
32003006431,6431
32003006434,6434
32003006440,6440
32003006463,6463
32003006467,6467
32003006468,6468
32003006469,6469
32003006470,6470
32003006471,6471
32003006475,6475
32003006477,6477
32003006484,6484
32003006486,6486
32003006487,6487
32003006488,6488
32003006490,6490
32003006492,6492
32003006493,6493
32003006494,6494
32003006496,6496
32003006497,6497
32003006498,6498
32003006499,6499
32003006500,6500
32003006512,6512
32003006513,6513
32003006514,6514
32003006515,6515
32003006517,6517
32003006520,6520
32003006521,6521
32003006522,6522
32003006526,6526
32003006527,6527
32003006530,6530
32003006531,6531
32003006533,6533
32003006538,6538
32003006539,6539
32003006540,6540
32003006544,6544
32003006545,6545
32003006547,6547
32003006548,6548
32003006549,6549
32003006600,6600
32003006601,6601
32003006602,6602
32003006604,6604
32003006605,6605
32003006606,6606
32003006607,6607
32003006608,6608
32003006609,6609
32003006610,6610
32003006611,6611
32003006612,6612
32003006613,6613
32003006614,6614
32003006615,6615
32003006617,6617
32003006621,6621
32003006622,6622
32003006625,6625
32003006631,6631
32003006632,6632
32003006633,6633
32003006634,6634
32003006635,6635
32003006642,6642
32003006643,6643
32003006644,6644
32003006645,6645
32003006648,6648
32003006649,6649
32003006651,6651
32003006652,6652
32003006653,6653
32003006654,6654
32003006655,6655
32003006656,6656
32003006657,6657
32003006658,6658
32003006661,6661
32003006662,6662
32003006663,6663
32003006664,6664
32003006665,6665
32003006666,6666
32003006667,6667
32003006671,6671
32003006672,6672
32003006673,6673
32003006674,6674
32003006675,6675
32003006681,6681
32003006683,6683
32003006684,6684
32003006685,6685
32003006686,6686
32003006691,6691
32003006692,6692
32003006693,6693
32003006694,6694
32003006695,6695
32003006700,6700
32003006701,6701
32003006702,6702
32003006703,6703
32003006704,6704
32003006705,6705
32003006706,6706
32003006707,6707
32003006708,6708
32003006709,6709
32003006710,6710
32003006711,6711
32003006712,6712
32003006713,6713
32003006714,6714
32003006715,6715
32003006716,6716
32003006717,6717
32003006718,6718
32003006719,6719
32003006720,6720
32003006721,6721
32003006722,6722
32003006723,6723
32003006724,6724
32003006725,6725
32003006726,6726
32003006727,6727
32003006728,6728
32003006729,6729
32003006730,6730
32003006731,6731
32003006732,6732
32003006733,6733
32003006734,6734
32003006735,6735
32003006736,6736
32003006737,6737
32003006738,6738
32003006739,6739
32003006740,6740
32003006750,6750
32003006751,6751
32003006752,6752
32003006753,6753
32003006914,6914
32003007012,7012
32003007047,7047
32003007048,7048
32003007049,7049
32003007050,7050
32003007054,7054
32003007079,7079
32003007097,7097
32003007311,7311
32003007312,7312
32003007332,7332
32003007334,7334
32003007341,7341
32003007351,7351
32003007352,7352
32003007354,7354
32003007355,7355
32003007356,7356
32003007357,7357
32003007358,7358
32003007359,7359
32003007360,7360
32003007361,7361
32003007366,7366
32003007387,7387
32003007395,7395
32003007402,7402
32003007403,7403
32003007405,7405
32003007410,7410
32003007411,7411
32003007413,7413
32003007414,7414
32003007415,7415
32003007416,7416
32003007417,7417
32003007422,7422
32003007430,7430
32003007500,7500
32003007501,7501
32003007502,7502
32003007503,7503
32003007504,7504
32003007505,7505
32003007506,7506
32003007507,7507
32003007508,7508
32003007509,7509
32003007511,7511
32003007512,7512
32003007513,7513
32003007514,7514
32003007515,7515
32003007521,7521
32003007522,7522
32003007523,7523
32003007524,7524
32003007525,7525
32003007526,7526
32003007527,7527
32003007528,7528
32003007529,7529
32003007530,7530
32003007531,7531
32003007532,7532
32003007533,7533
32003007534,7534
32003007535,7535
32003007536,7536
32003007541,7541
32003007542,7542
32003007543,7543
32003007545,7545
32003007550,7550
32003007551,7551
32003007552,7552
32003007553,7553
32003007554,7554
32003007555,7555
32003007561,7561
32003007562,7562
32003007563,7563
32003007564,7564
32003007569,7569
32003007570,7570
32003007571,7571
32003007572,7572
32003007573,7573
32003007574,7574
32003007575,7575
32003007581,7581
32003007582,7582
32003007583,7583
32003007584,7584
32003007585,7585
32003007590,7590
32003007591,7591
32003007592,7592
32003007593,7593
32003007594,7594
32003007595,7595
32003007596,7596
32003007601,7601
32003007602,7602
32003007603,7603
32003007604,7604
32003007605,7605
32003007611,7611
32003007612,7612
32003007613,7613
32003007614,7614
32003007615,7615
32003007622,7622
32003007623,7623
32003007624,7624
32003007625,7625
32003007631,7631
32003007632,7632
32003007633,7633
32003007634,7634
32003007635,7635
32003007641,7641
32003007642,7642
32003007643,7643
32003007644,7644
32003007645,7645
32003007651,7651
32003007652,7652
32003007653,7653
32003007654,7654
32003007661,7661
32003007662,7662
32003007663,7663
32003007664,7664
32003007665,7665
32003007671,7671
32003007672,7672
32003007674,7674
32003007675,7675
32003007681,7681
32003007682,7682
32003007683,7683
32003007684,7684
32003007685,7685
32003007691,7691
32003007692,7692
32003007693,7693
32003007694,7694
32003007695,7695
32003007701,7701
32003007702,7702
32003007703,7703
32003007704,7704
32003007705,7705
32003007706,7706
32003007707,7707
32003007712,7712
32003007713,7713
32003007714,7714
32003007715,7715
32003007720,7720
32003007722,7722
32003007723,7723
32003007724,7724
32003007726,7726
32003007730,7730
32003007731,7731
32003007732,7732
32003007733,7733
32003007734,7734
32003007743,7743
32003007745,7745
32003007906,7906
32003007908,7908
32003007910,7910
32003007912,7912
32003007920,7920
32003007923,7923
32003007926,7926
32005000001,Precinct 1 - Centerville
32005000002,Precinct 2 - Fish Springs
32005000003,Precinct 3 - Gardnerville
32005000004,Precinct 4 - Carson Valley Estates
32005000005,Precinct 5 - Genoa
32005000006,Precinct 6 - Jacks Valley
32005000007,Precinct 7 - Minden
32005000008,Precinct 8 - Ranchos I
32005000009,Precinct 9 - Ranchos II
32005000010,Precinct 10 - Topaz Ranch Estates
32005000011,Precinct 11 - Johnson Lane
32005000012,Precinct 12 - Dresslerville
32005000013,Precinct 13 - Indian Hills West
32005000014,Precinct 14 - Pinenut
32005000015,Precinct 15 - Valley
32005000016,Precinct 16 - Mottsville
32005000017,Precinct 17 - Ruhenstroth
32005000018,Precinct 18 - Ranchos III
32005000019,Precinct 19 - Ranchos IV
32005000020,Precinct 20 - Birch/Ranchos
32005000021,Precinct 21 - Wildhorse
32005000022,Precinct 22 - Saratoga
32005000023,Precinct 23 - Indian Hills East
32005000024,Precinct 24 - Topaz Lake
32005000025,Precinct 25 - Pleasantview
32005000026,Precinct 26 - Westwood
32005000027,Precinct 27 - Winhaven
32005000028,Precinct 28 - Orchard Road
32005000029,Precinct 29 - Autumn Hills
32005000030,Precinct 30 - East Fork
32005000031,Precinct 31 - Chichester
32005000032,Precinct 32 - East Valley
32005000033,Precinct 33 - Hot Springs
32005000034,Precinct 34 - Sunridge
32005000035,Precinct 35 - Glenbrook
32005000036,Precinct 36 - Skyland
32005000037,Precinct 37 - Zephyr Cove
32005000038,Precinct 38 - Round Hill
32005000039,Precinct 39 - Edgewood
32005000040,Precinct 40 - Kingsbury
32005000041,Precinct 41 - Daggett
32005ZZZZZZ,Voting Districts Not Defined
32007000001,Precinct 1
32007000002,Precinct 2
32007000003,Precinct 3
32007000004,Precinct 4
32007000005,Precinct 5
32007000006,Precinct 6
32007000007,Precinct 7
32007000008,Precinct 8
32007000009,Precinct 9
32007000010,Precinct 10
32007000011,Precinct 11
32007000012,Precinct 12
32007000013,Precinct 13
32007000014,Precinct 14
32007000015,Precinct 15
32007000016,Precinct 16
32007000017,Precinct 17
32007000018,Precinct 18
32007000019,Precinct 19
32007000020,Precinct 20
32007000021,Precinct 21
32007000022,Precinct 22
32007000023,Precinct 23
32007000024,Precinct 24
32007000025,Precinct 25
32007000026,Precinct 26
32007000027,Precinct 27
32007000028,Precinct 28
32007000029,Precinct 29
32007000030,Precinct 30
32007000031,Precinct 31
32007000032,Precinct 32
32007000033,Precinct 33
32007000034,Precinct 34
32007000035,Precinct 35
32007000036,Precinct 36
32007000037,Precinct 37
32007000038,Precinct 38
32007000039,Precinct 39
32007000040,Precinct 40
32007000041,Precinct 41
32009000001,ESMERALDA GOLDFIELD PRECINCT 1
32009000002,ESMERALDA SILVER PEAK PRECINCT 2
32009000003,ESMERALDA FISH LAKE VALLEY PRECINCT 3
32009000004,ESMERALDA GOLD POINT/LIDA PRECINCT 4
32009000005,ESMERALDA LAMBERTUCCI PRECINCT 5
32011000001,Precinct 1
32011000002,Precinct 2
32011000003,Precinct 3
32011000004,Precinct 4 Crescent Valley Town
32013000001,HUMBOLDT WINNEMUCCA PRECINCT 1
32013000002,HUMBOLDT WINNEMUCCA PRECINCT 2
32013000003,HUMBOLDT WINNEMUCCA PRECINCT 3
32013000004,HUMBOLDT WINNEMUCCA PRECINCT 4
32013000005,HUMBOLDT WINNEMUCCA PRECINCT 5
32013000006,6
32013000008,8
32013000009,9
32013000010,10
32013000011,11
32013000012,12
32013000013,13
32013000014,HUMBOLDT PRECINCT 14
32013000015,HUMBOLDT PRECINCT 15
320130007-2,HUMBOLDT PRECINCT 7-2
32015000001,Precinct No. 1 - Argenta
32015000002,Precinct No. 2 - Argenta
32015000003,Precinct No. 3 - Argenta
32015000004,Precinct No. 4 - Argenta
32015000005,Precinct No. 5 - Argenta
32015000006,Precinct No. 6 - Southern Lander County
32015000007,Precinct No. 7 - Austin
32015000008,Precinct No. 8 - Gilman Springs Ranch
32015000009,Precinct No. 9 - Kingston
32017000001,Precinct 1 - Alamo
32017000003,Precinct 3 - Panaca
32017000004,Precinct 4 - Pioche
32017000005,Precinct 5 - Rachel
32017000233,Precinct 233
32017000236,Precinct 236
32019000001,East Mason Valley #1
32019000002,East Mason Valley #2
32019000003,West Mason Valley #1
32019000004,West Mason Valley #2
32019000005,West Mason Valley #3
32019000006,Spragg-Plummer
32019000007,Smith Valley #1
32019000008,Smith Valley #2
32019000009,South Dayton #1
32019000010,South Dayton #2
32019000011,South Dayton #3
32019000012,South Dayton #4
32019000013,North Dayton #1
32019000014,North Dayton #2
32019000015,North Dayton #3
32019000016,North Dayton #4
32019000017,North Dayton #5
32019000018,Mound House #1
32019000019,Mound House #2
32019000020,Silver City
32019000021,Stagecoach #1
32019000022,Stagecoach #2
32019000023,Silver Springs #1
32019000024,Silver Springs #2
32019000025,Silver Springs #3
32019000026,Silver Springs #4
32019000027,Fernley #1
32019000028,Fernley #2
32019000029,Fernley #3
32019000030,Fernley #4
32019000031,Fernley #5
32019000032,Fernley #6
32019000033,Fernley #7
32019000034,Fernley #8
32019000035,Fernley #9
32019000036,Fernley #10
32019000037,Fernley #11
32019000038,Fernley #12
32019000039,Fernley #13
32019000040,Fernley #14
32021000001,HAWTHORNE PRECINCT 1
32021000002,HAWTHORNE PRECINCT 2
32021000003,HAWTHORNE PRECINCT 3
32021000004,HAWTHORNE PRECINCT 4
32021000005,HAWTHORNE PRECINCT 5
32021000006,HAWTHORNE PRECINCT 6
32021000007,HAWTHORNE RURAL PRECINCT 7
32021000008,LUNING PRECINCT 8
32021000009,MINA PRECINCT 9
32021000010,MONTGOMERY PASS PRECINCT 10
32021000011,SCHURZ PRECINCT 11
32021000012,WALKER LAKE PRECINCT 12
32023000001,BEATTY #01
32023000002,CURRANT CREEK #02
32023000003,DUCKWATER #03
32023000004,GABBS #04
32023000005,IONE #05
32023000006,AMARGOSA VALLEY #06
32023000007,MANHATTAN #07
32023000008,MERCURY #08
32023000009,PAHRUMP #9
32023000010,PAHRUMP #10
32023000011,PAHRUMP #11
32023000012,ROUND MOUNTAIN #12
32023000013,SUNNYSIDE #13
32023000014,TONOPAH #14
32023000015,TONOPAH #15
32023000016,PAHRUMP #16
32023000017,PAHRUMP #17
32023000018,FORTY BAR #18
32023000019,PAHRUMP #19
32023000020,PAHRUMP #20
32023000021,PAHRUMP #21
32023000022,PAHRUMP #22
32023000023,PAHRUMP #23
32023000024,PAHRUMP #24
32023000025,PAHRUMP #25
32023000026,PAHRUMP #26
32023000027,PAHRUMP #27
32023000028,PAHRUMP #28
32023000029,PAHRUMP #29
32023000030,PAHRUMP #30
32023000031,PAHRUMP #31
32023000032,PAHRUMP #32
32023000035,SMOKY VALLEY #35
32027000001,Precinct 1
32027000003,Precinct 3
32027000004,Precinct 4
32027000005,Precinct 5 Imlay
32027000006,Precinct 6
32027000007,Precinct 7
32029000001,Precinct 1
32029000002,Precinct 2
32029000003,Precinct 3
32029000004,Precinct 4
32029000005,Precinct 5
32029000006,Precinct 6
32029000007,Precinct 7
32029000008,Precinct 8
32029000009,Precinct 9
32029000010,Precinct 10
32029000011,Precinct 11
32029000012,Precinct 12
32029000013,Precinct 13
32029000014,Precinct 14
32029000015,Precinct 15
32031001000,Precinct No. 1000
32031001002,Precinct No. 1002
32031001003,Precinct No. 1003
32031001005,Precinct No. 1005
32031001006,Precinct No. 1006
32031001007,Precinct No. 1007
32031001008,Precinct No. 1008
32031001010,Precinct No. 1010
32031001011,Precinct No. 1011
32031001012,Precinct No. 1012
32031001014,Precinct No. 1014
32031001015,Precinct No. 1015
32031001016,Precinct No. 1016
32031001018,Precinct No. 1018
32031001020,Precinct No. 1020
32031001022,Precinct No. 1022
32031001023,Precinct No. 1023
32031001024,Precinct No. 1024
32031001026,Precinct No. 1026
32031001027,Precinct No. 1027
32031001029,Precinct No. 1029
32031001031,Precinct No. 1031
32031001032,Precinct No. 1032
32031001033,Precinct No. 1033
32031001035,Precinct No. 1035
32031001036,Precinct No. 1036
32031001038,Precinct No. 1038
32031001039,Precinct No. 1039
32031001040,Precinct No. 1040
32031001043,Precinct No. 1043
32031001044,Precinct No. 1044
32031001045,Precinct No. 1045
32031001046,Precinct No. 1046
32031001047,Precinct No. 1047
32031001050,Precinct No. 1050
32031001051,Precinct No. 1051
32031001053,Precinct No. 1053
32031001055,Precinct No. 1055
32031001056,Precinct No. 1056
32031001057,Precinct No. 1057
32031001058,Precinct No. 1058
32031001059,Precinct No. 1059
32031001061,Precinct No. 1061
32031002000,Precinct No. 2000
32031002002,Precinct No. 2002
32031002004,Precinct No. 2004
32031002006,Precinct No. 2006
32031002007,Precinct No. 2007
32031002009,Precinct No. 2009
32031002010,Precinct No. 2010
32031002013,Precinct No. 2013
32031002016,Precinct No. 2016
32031002017,Precinct No. 2017
32031002018,Precinct No. 2018
32031002019,Precinct No. 2019
32031002020,Precinct No. 2020
32031002021,Precinct No. 2021
32031002022,Precinct No. 2022
32031002023,Precinct No. 2023
32031002025,Precinct No. 2025
32031002026,Precinct No. 2026
32031002027,Precinct No. 2027
32031002028,Precinct No. 2028
32031002029,Precinct No. 2029
32031002030,Precinct No. 2030
32031002031,Precinct No. 2031
32031002032,Precinct No. 2032
32031002033,Precinct No. 2033
32031002034,Precinct No. 2034
32031002035,Precinct No. 2035
32031002036,Precinct No. 2036
32031002037,Precinct No. 2037
32031002039,Precinct No. 2039
32031002040,Precinct No. 2040
32031002041,Precinct No. 2041
32031002042,Precinct No. 2042
32031002043,Precinct No. 2043
32031002047,Precinct No. 2047
32031002048,Precinct No. 2048
32031002049,Precinct No. 2049
32031002050,Precinct No. 2050
32031002051,Precinct No. 2051
32031002057,Precinct No. 2057
32031002058,Precinct No. 2058
32031002060,Precinct No. 2060
32031002062,Precinct No. 2062
32031002064,Precinct No. 2064
32031002065,Precinct No. 2065
32031002068,Precinct No. 2068
32031002070,Precinct No. 2070
32031002073,Precinct No. 2073
32031002074,Precinct No. 2074
32031002078,Precinct No. 2078
32031002080,Precinct No. 2080
32031002081,Precinct No. 2081
32031003001,Precinct No. 3001
32031003002,Precinct No. 3002
32031003003,Precinct No. 3003
32031003004,Precinct No. 3004
32031003005,Precinct No. 3005
32031003006,Precinct No. 3006
32031003007,Precinct No. 3007
32031003008,Precinct No. 3008
32031003009,Precinct No. 3009
32031003010,Precinct No. 3010
32031003011,Precinct No. 3011
32031003012,Precinct No. 3012
32031003013,Precinct No. 3013
32031003014,Precinct No. 3014
32031003015,Precinct No. 3015
32031003016,Precinct No. 3016
32031003017,Precinct No. 3017
32031003018,Precinct No. 3018
32031003019,Precinct No. 3019
32031003020,Precinct No. 3020
32031003021,Precinct No. 3021
32031003022,Precinct No. 3022
32031003023,Precinct No. 3023
32031003024,Precinct No. 3024
32031003025,Precinct No. 3025
32031003026,Precinct No. 3026
32031003027,Precinct No. 3027
32031003028,Precinct No. 3028
32031003029,Precinct No. 3029
32031003030,Precinct No. 3030
32031003031,Precinct No. 3031
32031003032,Precinct No. 3032
32031003035,Precinct No. 3035
32031003036,Precinct No. 3036
32031003038,Precinct No. 3038
32031003039,Precinct No. 3039
32031003040,Precinct No. 3040
32031004000,Precinct No. 4000
32031004003,Precinct No. 4003
32031004005,Precinct No. 4005
32031004007,Precinct No. 4007
32031004009,Precinct No. 4009
32031004012,Precinct No. 4012
32031004014,Precinct No. 4014
32031004015,Precinct No. 4015
32031004016,Precinct No. 4016
32031004017,Precinct No. 4017
32031004018,Precinct No. 4018
32031004019,Precinct No. 4019
32031004020,Precinct No. 4020
32031004021,Precinct No. 4021
32031004022,Precinct No. 4022
32031004023,Precinct No. 4023
32031004024,Precinct No. 4024
32031004025,Precinct No. 4025
32031004026,Precinct No. 4026
32031004029,Precinct No. 4029
32031004032,Precinct No. 4032
32031004033,Precinct No. 4033
32031004035,Precinct No. 4035
32031004036,Precinct No. 4036
32031004037,Precinct No. 4037
32031004038,Precinct No. 4038
32031004039,Precinct No. 4039
32031004040,Precinct No. 4040
32031004041,Precinct No. 4041
32031004042,Precinct No. 4042
32031004043,Precinct No. 4043
32031004045,Precinct No. 4045
32031004046,Precinct No. 4046
32031004047,Precinct No. 4047
32031004051,Precinct No. 4051
32031004052,Precinct No. 4052
32031004053,Precinct No. 4053
32031004054,Precinct No. 4054
32031004055,Precinct No. 4055
32031004056,Precinct No. 4056
32031005000,Precinct No. 5000
32031005003,Precinct No. 5003
32031005005,Precinct No. 5005
32031005006,Precinct No. 5006
32031005007,Precinct No. 5007
32031005008,Precinct No. 5008
32031005009,Precinct No. 5009
32031005010,Precinct No. 5010
32031005011,Precinct No. 5011
32031005012,Precinct No. 5012
32031005014,Precinct No. 5014
32031005015,Precinct No. 5015
32031005016,Precinct No. 5016
32031005018,Precinct No. 5018
32031005020,Precinct No. 5020
32031005022,Precinct No. 5022
32031005023,Precinct No. 5023
32031005024,Precinct No. 5024
32031005026,Precinct No. 5026
32031005027,Precinct No. 5027
32031005030,Precinct No. 5030
32031005031,Precinct No. 5031
32031005032,Precinct No. 5032
32031005033,Precinct No. 5033
32031005034,Precinct No. 5034
32031005035,Precinct No. 5035
32031005036,Precinct No. 5036
32031005039,Precinct No. 5039
32031005040,Precinct No. 5040
32031005041,Precinct No. 5041
32031005045,Precinct No. 5045
32031005046,Precinct No. 5046
32031005047,Precinct No. 5047
32031005048,Precinct No. 5048
32031005049,Precinct No. 5049
32031005051,Precinct No. 5051
32031005053,Precinct No. 5053
32031005054,Precinct No. 5054
32031005056,Precinct No. 5056
32031005061,Precinct No. 5061
32031005062,Precinct No. 5062
32031005063,Precinct No. 5063
32031005064,Precinct No. 5064
32031005065,Precinct No. 5065
32031005066,Precinct No. 5066
32031006100,Precinct No. 6100
32031006101,Precinct No. 6101
32031006104,Precinct No. 6104
32031006105,Precinct No. 6105
32031006106,Precinct No. 6106
32031006107,Precinct No. 6107
32031006108,Precinct No. 6108
32031006109,Precinct No. 6109
32031006110,Precinct No. 6110
32031006111,Precinct No. 6111
32031006113,Precinct No. 6113
32031006114,Precinct No. 6114
32031006115,Precinct No. 6115
32031006202,Precinct No. 6202
32031006203,Precinct No. 6203
32031006205,Precinct No. 6205
32031006206,Precinct No. 6206
32031006207,Precinct No. 6207
32031006208,Precinct No. 6208
32031006209,Precinct No. 6209
32031006210,Precinct No. 6210
32031006211,Precinct No. 6211
32031006212,Precinct No. 6212
32031006213,Precinct No. 6213
32031006214,Precinct No. 6214
32031006216,Precinct No. 6216
32031006217,Precinct No. 6217
32031006218,Precinct No. 6218
32031006300,Precinct No. 6300
32031006301,Precinct No. 6301
32031006302,Precinct No. 6302
32031006303,Precinct No. 6303
32031006306,Precinct No. 6306
32031006307,Precinct No. 6307
32031006308,Precinct No. 6308
32031006310,Precinct No. 6310
32031006311,Precinct No. 6311
32031006313,Precinct No. 6313
32031006314,Precinct No. 6314
32031006317,Precinct No. 6317
32031006318,Precinct No. 6318
32031006319,Precinct No. 6319
32031006320,Precinct No. 6320
32031006400,Precinct No. 6400
32031006403,Precinct No. 6403
32031006405,Precinct No. 6405
32031006411,Precinct No. 6411
32031006413,Precinct No. 6413
32031006414,Precinct No. 6414
32031006415,Precinct No. 6415
32031006416,Precinct No. 6416
32031006418,Precinct No. 6418
32031006422,Precinct No. 6422
32031006423,Precinct No. 6423
32031006425,Precinct No. 6425
32031006427,Precinct No. 6427
32031006500,Precinct No. 6500
32031006501,Precinct No. 6501
32031006503,Precinct No. 6503
32031006508,Precinct No. 6508
32031006511,Precinct No. 6511
32031006513,Precinct No. 6513
32031006514,Precinct No. 6514
32031006516,Precinct No. 6516
32031006519,Precinct No. 6519
32031006520,Precinct No. 6520
32031006521,Precinct No. 6521
32031006522,Precinct No. 6522
32031006523,Precinct No. 6523
32031006524,Precinct No. 6524
32031006525,Precinct No. 6525
32031006526,Precinct No. 6526
32031006527,Precinct No. 6527
32031006528,Precinct No. 6528
32031006529,Precinct No. 6529
32031006530,Precinct No. 6530
32031006531,Precinct No. 6531
32031007100,Precinct No. 7100
32031007300,Precinct No. 7300
32031007302,Precinct No. 7302
32031007304,Precinct No. 7304
32031007306,Precinct No. 7306
32031007307,Precinct No. 7307
32031007308,Precinct No. 7308
32031007309,Precinct No. 7309
32031007312,Precinct No. 7312
32031007313,Precinct No. 7313
32031007314,Precinct No. 7314
32031007315,Precinct No. 7315
32031007316,Precinct No. 7316
32031007317,Precinct No. 7317
32031007318,Precinct No. 7318
32031007319,Precinct No. 7319
32031007321,Precinct No. 7321
32031007400,Precinct No. 7400
32031007402,Precinct No. 7402
32031007403,Precinct No. 7403
32031007404,Precinct No. 7404
32031007406,Precinct No. 7406
32031007407,Precinct No. 7407
32031007408,Precinct No. 7408
32031007410,Precinct No. 7410
32031007412,Precinct No. 7412
32031007413,Precinct No. 7413
32031007414,Precinct No. 7414
32031007415,Precinct No. 7415
32031007416,Precinct No. 7416
32031007417,Precinct No. 7417
32031007418,Precinct No. 7418
32031007424,Precinct No. 7424
32031007425,Precinct No. 7425
32031007426,Precinct No. 7426
32031007428,Precinct No. 7428
32031007430,Precinct No. 7430
32031007431,Precinct No. 7431
32031007433,Precinct No. 7433
32031007500,Precinct No. 7500
32031007501,Precinct No. 7501
32031007502,Precinct No. 7502
32031007503,Precinct No. 7503
32031007504,Precinct No. 7504
32031007505,Precinct No. 7505
32031007506,Precinct No. 7506
32031007507,Precinct No. 7507
32031007508,Precinct No. 7508
32031007509,Precinct No. 7509
32031007512,Precinct No. 7512
32031007513,Precinct No. 7513
32031007514,Precinct No. 7514
32031007516,Precinct No. 7516
32031007517,Precinct No. 7517
32031007518,Precinct No. 7518
32031007519,Precinct No. 7519
32031007520,Precinct No. 7520
32031007521,Precinct No. 7521
32031007522,Precinct No. 7522
32031007523,Precinct No. 7523
32031007524,Precinct No. 7524
32031007525,Precinct No. 7525
32031007526,Precinct No. 7526
32031007527,Precinct No. 7527
32031007528,Precinct No. 7528
32031007529,Precinct No. 7529
32031007531,Precinct No. 7531
32031007532,Precinct No. 7532
32031007533,Precinct No. 7533
32031007534,Precinct No. 7534
32031007536,Precinct No. 7536
32031007537,Precinct No. 7537
32031007539,Precinct No. 7539
32031007540,Precinct No. 7540
32031007541,Precinct No. 7541
32031007543,Precinct No. 7543
32031007546,Precinct No. 7546
32031007547,Precinct No. 7547
32031007548,Precinct No. 7548
32031007549,Precinct No. 7549
32031007550,Precinct No. 7550
32031007552,Precinct No. 7552
32031007553,Precinct No. 7553
32031007556,Precinct No. 7556
32031007557,Precinct No. 7557
32031007558,Precinct No. 7558
32031007562,Precinct No. 7562
32031007563,Precinct No. 7563
32031007565,Precinct No. 7565
32031007566,Precinct No. 7566
32031007567,Precinct No. 7567
32031007569,Precinct No. 7569
32031007570,Precinct No. 7570
32031007571,Precinct No. 7571
32031007572,Precinct No. 7572
32031007573,Precinct No. 7573
32031007574,Precinct No. 7574
32031007576,Precinct No. 7576
32031007577,Precinct No. 7577
32031007578,Precinct No. 7578
32031007579,Precinct No. 7579
32031007581,Precinct No. 7581
32031007582,Precinct No. 7582
32031007583,Precinct No. 7583
32031007584,Precinct No. 7584
32031007585,Precinct No. 7585
32031007586,Precinct No. 7586
32031007587,Precinct No. 7587
32031007588,Precinct No. 7588
32031007589,Precinct No. 7589
32031007591,Precinct No. 7591
32031008100,Precinct No. 8100
32031008101,Precinct No. 8101
32031008102,Precinct No. 8102
32031008103,Precinct No. 8103
32031008104,Precinct No. 8104
32031008105,Precinct No. 8105
32031008106,Precinct No. 8106
32031008107,Precinct No. 8107
32031008108,Precinct No. 8108
32031008109,Precinct No. 8109
32031008110,Precinct No. 8110
32031008111,Precinct No. 8111
32031008112,Precinct No. 8112
32031008114,Precinct No. 8114
32031008115,Precinct No. 8115
32031008116,Precinct No. 8116
32031008117,Precinct No. 8117
32031008118,Precinct No. 8118
32031008125,Precinct No. 8125
32031008126,Precinct No. 8126
32031008127,Precinct No. 8127
32031008128,Precinct No. 8128
32031008129,Precinct No. 8129
32031008200,Precinct No. 8200
32031008201,Precinct No. 8201
32031008202,Precinct No. 8202
32031008203,Precinct No. 8203
32031008204,Precinct No. 8204
32031008205,Precinct No. 8205
32031008206,Precinct No. 8206
32031008207,Precinct No. 8207
32031008208,Precinct No. 8208
32031008209,Precinct No. 8209
32031008210,Precinct No. 8210
32031008211,Precinct No. 8211
32031008212,Precinct No. 8212
32031008213,Precinct No. 8213
32031008214,Precinct No. 8214
32031008216,Precinct No. 8216
32031008217,Precinct No. 8217
32031008218,Precinct No. 8218
32031008219,Precinct No. 8219
32031008220,Precinct No. 8220
32031008221,Precinct No. 8221
32031008222,Precinct No. 8222
32031008226,Precinct No. 8226
32031008227,Precinct No. 8227
32031008232,Precinct No. 8232
32031008233,Precinct No. 8233
32031008234,Precinct No. 8234
32031008235,Precinct No. 8235
32031008236,Precinct No. 8236
32031008237,Precinct No. 8237
32031008238,Precinct No. 8238
32031008240,Precinct No. 8240
32031008245,Precinct No. 8245
32031008247,Precinct No. 8247
32031008250,Precinct No. 8250
32031008253,Precinct No. 8253
32031008254,Precinct No. 8254
32031008256,Precinct No. 8256
32031008259,Precinct No. 8259
32031008260,Precinct No. 8260
32031008261,Precinct No. 8261
32031008263,Precinct No. 8263
32031008264,Precinct No. 8264
32031008265,Precinct No. 8265
32031008271,Precinct No. 8271
32031008273,Precinct No. 8273
32031008275,Precinct No. 8275
32031008276,Precinct No. 8276
32031008277,Precinct No. 8277
32031008290,Precinct No. 8290
32031008291,Precinct No. 8291
32031008292,Precinct No. 8292
32031008294,Precinct No. 8294
32031008297,Precinct No. 8297
32031008400,Precinct No. 8400
32031008500,Precinct No. 8500
32031008502,Precinct No. 8502
32031008505,Precinct No. 8505
32031009101,Precinct No. 9101
32031009102,Precinct No. 9102
32031009103,Precinct No. 9103
32031009106,Precinct No. 9106
32031009107,Precinct No. 9107
32031009109,Precinct No. 9109
32031009115,Precinct No. 9115
32031009116,Precinct No. 9116
32031009120,Precinct No. 9120
32031009121,Precinct No. 9121
32031009122,Precinct No. 9122
32031009123,Precinct No. 9123
32031009124,Precinct No. 9124
32031009125,Precinct No. 9125
32031009126,Precinct No. 9126
32031009127,Precinct No. 9127
32031009128,Precinct No. 9128
32031009129,Precinct No. 9129
32031009130,Precinct No. 9130
32031009131,Precinct No. 9131
32031009202,Precinct No. 9202
32031009207,Precinct No. 9207
32031009208,Precinct No. 9208
32031009210,Precinct No. 9210
32031009211,Precinct No. 9211
32031009243,Precinct No. 9243
32031009244,Precinct No. 9244
32031009248,Precinct No. 9248
32031009249,Precinct No. 9249
32031009251,Precinct No. 9251
32031009253,Precinct No. 9253
32031009254,Precinct No. 9254
32031009303,Precinct No. 9303
32031009304,Precinct No. 9304
32031009307,Precinct No. 9307
32031009308,Precinct No. 9308
32031009309,Precinct No. 9309
32031009310,Precinct No. 9310
32031009311,Precinct No. 9311
32031009408,Precinct No. 9408
32031009427,Precinct No. 9427
32031009428,Precinct No. 9428
32031009513,Precinct No. 9513
32031009516,Precinct No. 9516
32031009520,Precinct No. 9520
32031009523,Precinct No. 9523
32031009532,Precinct No. 9532
32031009533,Precinct No. 9533
32031009538,Precinct No. 9538
32031009540,Precinct No. 9540
32031009541,Precinct No. 9541
32031009542,Precinct No. 9542
32031009543,Precinct No. 9543
32031009546,Precinct No. 9546
32031009547,Precinct No. 9547
32031009548,Precinct No. 9548
32031009549,Precinct No. 9549
32031009550,Precinct No. 9550
32031009551,Precinct No. 9551
32031009552,Precinct No. 9552
32031009553,Precinct No. 9553
32031009554,Precinct No. 9554
32031009555,Precinct No. 9555
32031009557,Precinct No. 9557
32031009558,Precinct No. 9558
32031009559,Precinct No. 9559
32031009560,Precinct No. 9560
32031009561,Precinct No. 9561
32031009562,Precinct No. 9562
32031ZZZZZZ,Voting Districts Not Defined
32033000005,WP ELY VTD 1
32033000010,WP ELY VTD 2
32033000015,WP ELY VTD 3
32033000020,WP ELY VTD 4
32033000025,WP MCGILL VTD 6
32033000030,WP COUNTY MAILING VTD 10
32033000035,WP STEPTOE VALLEY VTD 5
32033000040,WP RUTH VTD 7
32033000045,WP LUND VTD 8
32033000050,WP SNAKE VALLEY VTD 9
32510000101,Precinct 101
32510000103,Precinct 103
32510000105,Precinct 105
32510000107,Precinct 107
32510000109,Precinct 109
32510000111,Precinct 111
32510000113,Precinct 113
32510000201,Precinct 201
32510000203,Precinct 203
32510000205,Precinct 205
32510000207,Precinct 207
32510000209,Precinct 209
32510000211,Precinct 211
32510000301,Precinct 301
32510000303,Precinct 303
32510000305,Precinct 305
32510000307,Precinct 307
32510000309,Precinct 309
32510000401,Precinct 401
32510000403,Precinct 403
32510000405,Precinct 405
32510000407,Precinct 407
32510000409,Precinct 409
32510000411,Precinct 411
